-2.458747327327728271e-01
7.341912388801574707e-01
-4.535957276821136475e-01
-1.516874194145202637e+00
-5.115969181060791016e-01
-2.058610022068023682e-01
-9.094799160957336426e-01
1.515546590089797974e-01
1.153029203414916992e-01
-1.851629167795181274e-01
-9.765258431434631348e-02
-1.006507635116577148e+00
-3.364521637558937073e-02
-6.606321334838867188e-01
6.029998064041137695e-01
-7.338854074478149414e-01
-3.085139989852905273e-01
-5.908702015876770020e-01
-8.318189978599548340e-01
-3.164690732955932617e-01
-1.456439018249511719e+00
-8.815176784992218018e-02
5.277128219604492188e-01
-1.625975221395492554e-01
