-1.135035872459411621e+00
-1.128284811973571777e+00
-9.479696154594421387e-01
-2.927725315093994141e-01
-5.420044660568237305e-01
-1.367608428001403809e+00
-1.167900443077087402e+00
-1.032565593719482422e+00
-8.684481382369995117e-01
-1.745584249496459961e+00
-3.321596682071685791e-01
-9.034729003906250000e-01
-1.189639925956726074e+00
-4.462515935301780701e-02
-4.705081582069396973e-01
-5.308675765991210938e-01
-4.310176670551300049e-01
-6.021681427955627441e-01
-3.162420988082885742e-01
-7.262978553771972656e-01
-8.667033314704895020e-01
-6.633854508399963379e-01
-1.943641602993011475e-01
-1.181460857391357422e+00
-6.202582716941833496e-01
-1.318207740783691406e+00
-6.277058720588684082e-01
-2.528586685657501221e-01
-8.529517054557800293e-01
3.910585120320320129e-02
-6.122597455978393555e-01
-1.186780214309692383e+00
-5.631185173988342285e-01
-1.022984862327575684e+00
-4.079386591911315918e-01
-1.000924706459045410e+00
-5.726491808891296387e-01
-8.438811302185058594e-01
-3.404667973518371582e-01
-7.921540141105651855e-01
-9.121315479278564453e-01
-9.518554806709289551e-01
-8.671376705169677734e-01
-3.807055652141571045e-01
-5.686727166175842285e-01
-5.433645844459533691e-01
-1.189642548561096191e+00
-7.053484916687011719e-01
-1.001760482788085938e+00
-2.329249829053878784e-01
-5.424194931983947754e-01
-1.143394231796264648e+00
-2.605795264244079590e-01
-5.589779019355773926e-01
-1.617084443569183350e-01
-3.807693123817443848e-01
4.319864138960838318e-02
-3.712975680828094482e-01
-5.187708735466003418e-01
-8.251675367355346680e-01
-7.989553213119506836e-01
-1.365676969289779663e-01
-1.074638605117797852e+00
-1.159713149070739746e+00
-8.832177519798278809e-01
-5.453289747238159180e-01
-3.734767436981201172e-01
-8.254773020744323730e-01
-9.384804368019104004e-01
-2.526633441448211670e-01
-5.408760905265808105e-01
-5.856309533119201660e-01
-6.721497774124145508e-01
2.375910989940166473e-02
-6.973057985305786133e-01
1.450708508491516113e-01
4.497843980789184570e-02
-2.398646324872970581e-01
-1.118734240531921387e+00
-2.555091083049774170e-01
-1.477648466825485229e-01
-3.468548059463500977e-01
-3.293451368808746338e-01
-6.717634201049804688e-01
-5.624269843101501465e-01
-6.211447119712829590e-01
-5.440518260002136230e-01
-2.787934243679046631e-01
-5.957129001617431641e-01
-8.030490279197692871e-01
-1.254130721092224121e+00
-9.785633087158203125e-01
-8.037293553352355957e-01
-1.285420536994934082e+00
-7.678146958351135254e-01
-5.284723639488220215e-01
1.172263249754905701e-01
-6.464431881904602051e-01
-1.449391961097717285e+00
-2.614513933658599854e-01
-1.159490108489990234e+00
-1.566029153764247894e-02
-2.492864727973937988e-01
-1.045769691467285156e+00
-1.050089001655578613e+00
-7.916265726089477539e-01
-3.351517319679260254e-01
5.856437608599662781e-02
-2.085255682468414307e-01
-4.268027544021606445e-01
-1.672462463378906250e+00
-7.849406003952026367e-01
-4.455226063728332520e-01
-1.172799706459045410e+00
-9.782862663269042969e-01
-9.750786423683166504e-01
-1.790791153907775879e-01
-6.853308081626892090e-01
-8.344387263059616089e-02
-1.086107969284057617e+00
1.445924043655395508e-01
2.681674063205718994e-01
-1.095493197441101074e+00
-4.949531555175781250e-01
-3.541555702686309814e-01
-2.359897196292877197e-01
-2.130829691886901855e-01
-6.738424301147460938e-02
4.889090731739997864e-02
-1.031864359974861145e-01
-4.783052206039428711e-01
-2.549354434013366699e-01
-2.745163738727569580e-01
-5.969330668449401855e-01
-5.979126691818237305e-01
-8.328741192817687988e-01
-5.382450222969055176e-01
-3.262118697166442871e-01
-3.473580479621887207e-01
-7.731474041938781738e-01
-4.050801396369934082e-01
-7.610059976577758789e-01
-6.080289483070373535e-01
-7.099769115447998047e-01
-1.404710859060287476e-01
-7.386521697044372559e-01
-2.042418718338012695e-01
-9.299601316452026367e-01
-5.811415910720825195e-01
-3.578681945800781250e-01
-7.786837816238403320e-01
-1.920225471258163452e-01
-8.629603385925292969e-01
-4.968746602535247803e-01
-9.035649895668029785e-01
-3.196121752262115479e-01
-5.726217627525329590e-01
-1.331994123756885529e-02
-7.710043191909790039e-01
-2.413496077060699463e-01
-1.239126548171043396e-01
-9.732910394668579102e-01
1.203714869916439056e-02
-8.306694030761718750e-02
-5.174928903579711914e-01
-4.903707802295684814e-01
-1.969861984252929688e-02
-4.081767499446868896e-01
-3.183970153331756592e-01
-1.495284795761108398e+00
-1.501334071159362793e+00
-1.975838094949722290e-01
-1.710752993822097778e-01
-1.133189499378204346e-01
-3.696605935692787170e-02
-6.820411086082458496e-01
-4.734293520450592041e-01
-1.809815883636474609e+00
1.789937615394592285e-01
-4.182200431823730469e-01
-5.977870225906372070e-01
-5.846870541572570801e-01
-3.270528912544250488e-01
-6.477211117744445801e-01
2.522969543933868408e-01
-7.302855849266052246e-01
-1.312303781509399414e+00
4.192351922392845154e-02
-7.225235104560852051e-01
-4.838726222515106201e-01
-4.310378432273864746e-01
-2.788108885288238525e-01
-1.116213440895080566e+00
-2.609217464923858643e-01
-1.509394403547048569e-02
-1.824707031250000000e+00
-7.919210195541381836e-01
-9.134687781333923340e-01
-1.125996708869934082e+00
-9.670630693435668945e-01
-8.188986778259277344e-01
-6.147637367248535156e-01
-1.655924171209335327e-01
-1.719680428504943848e-01
-7.233223319053649902e-01
-4.818733334541320801e-01
-8.344776630401611328e-01
-9.319046139717102051e-01
3.610211014747619629e-01
-6.060568690299987793e-01
-1.820542693138122559e+00
-1.451502799987792969e+00
-4.316350817680358887e-02
-4.432778954505920410e-01
-9.881246089935302734e-01
-1.096440672874450684e+00
2.022817172110080719e-02
-7.433216571807861328e-01
-1.321480154991149902e+00
-4.983105063438415527e-01
-2.425822317600250244e-01
-1.083888530731201172e+00
-2.231429517269134521e-01
-9.144376516342163086e-01
6.160963326692581177e-02
-1.194972157478332520e+00
-2.563324213027954102e+00
-1.071361184120178223e+00
-1.142548680305480957e+00
-1.156756401062011719e+00
-1.254289746284484863e+00
-4.432806670665740967e-01
-1.245995014905929565e-01
-3.530009686946868896e-01
-1.320665121078491211e+00
-7.669764012098312378e-02
-4.980263710021972656e-01
-1.186720848083496094e+00
-5.134501457214355469e-01
-9.759853482246398926e-01
-4.427135586738586426e-01
-1.003362536430358887e+00
-2.141039520502090454e-01
-1.284941285848617554e-01
-1.851850628852844238e+00
-1.315406799316406250e+00
-3.177684247493743896e-01
-4.768116772174835205e-01
-1.059948801994323730e-01
-4.517667293548583984e-01
-2.901653051376342773e-01
-1.500034093856811523e+00
-8.567544817924499512e-01
-3.200394511222839355e-01
-2.778834104537963867e-01
-9.738232493400573730e-01
-5.675650238990783691e-01
-1.968367695808410645e-01
-6.748794913291931152e-01
-5.919950604438781738e-01
2.899233996868133545e-02
-4.693441390991210938e-01
-5.881378054618835449e-01
-8.338065147399902344e-01
-1.067100048065185547e+00
-7.283118963241577148e-01
-1.072676181793212891e+00
-1.253679752349853516e+00
-4.134081006050109863e-01
-6.637092232704162598e-01
-3.217020072042942047e-03
-4.154323339462280273e-01
-3.309390246868133545e-01
-1.019280672073364258e+00
-6.435053944587707520e-01
-7.449706792831420898e-01
-5.481927469372749329e-02
-2.487821578979492188e-01
-9.668503999710083008e-01
-3.607365861535072327e-02
2.712826728820800781e-01
-4.874902665615081787e-01
-9.613033533096313477e-01
-3.693276345729827881e-01
-4.628790318965911865e-01
-1.782246947288513184e+00
-4.739283323287963867e-01
9.960873983800411224e-03
-4.470100104808807373e-01
1.429249644279479980e-01
-2.019943594932556152e-01
-9.203650355339050293e-01
-2.890021204948425293e-01
-1.568148136138916016e+00
-4.954028725624084473e-01
-4.850613772869110107e-01
1.016450598835945129e-01
-3.123537600040435791e-01
-1.382923841476440430e+00
-1.153371110558509827e-02
-1.367402821779251099e-01
-1.898867040872573853e-01
-1.527014821767807007e-01
-1.044340968132019043e+00
-4.885940551757812500e-01
-1.018562912940979004e+00
-1.019041776657104492e+00
-4.528565108776092529e-01
-6.792755126953125000e-01
-3.340612649917602539e-01
-2.740923166275024414e-01
-7.937845587730407715e-01
-2.301327735185623169e-01
-5.748592615127563477e-01
-6.730869412422180176e-02
-1.370783090591430664e+00
-3.691992163658142090e-01
-2.911618351936340332e-01
-8.453069925308227539e-01
-5.629512667655944824e-01
-1.409288167953491211e+00
-9.001578092575073242e-01
-1.566867977380752563e-01
-1.160989403724670410e+00
-7.236056327819824219e-01
-6.392149329185485840e-01
-8.900446295738220215e-01
-1.328784346580505371e+00
-8.827145099639892578e-01
-2.266378998756408691e-01
-4.657229483127593994e-01
6.196863204240798950e-02
-8.452517390251159668e-01
-5.595651268959045410e-01
-4.622384607791900635e-01
1.914875805377960205e-01
-6.402446627616882324e-01
-4.727836549282073975e-01
-3.061198890209197998e-01
-9.509166479110717773e-01
-2.279822528362274170e-01
-1.166288971900939941e+00
-1.462264418601989746e+00
-7.621335983276367188e-01
-5.867978334426879883e-01
-4.100689291954040527e-01
-6.702430248260498047e-01
-5.753979682922363281e-01
1.531869471073150635e-01
-9.568167328834533691e-01
-3.387777507305145264e-01
-1.212315440177917480e+00
-7.543267011642456055e-01
-7.171919345855712891e-01
-2.693676948547363281e-01
-8.350872397422790527e-01
-4.921905398368835449e-01
-2.772786617279052734e-01
-1.195010542869567871e+00
-5.723855495452880859e-01
-3.181357979774475098e-01
1.271438002586364746e-01
-8.921260833740234375e-01
-6.310182213783264160e-01
-6.574972867965698242e-01
-2.529252171516418457e-01
-1.040954351425170898e+00
-3.707822263240814209e-01
2.650279924273490906e-02
-2.114964127540588379e-01
-1.017855048179626465e+00
-1.092295408248901367e+00
-3.533293902873992920e-01
-7.638379335403442383e-01
-1.137569919228553772e-01
-1.304768677800893784e-02
-4.891345798969268799e-01
-1.482003629207611084e-01
-1.250826597213745117e+00
-2.628926336765289307e-01
-4.907075315713882446e-02
-4.517465457320213318e-02
-1.526175886392593384e-01
-5.287282466888427734e-01
-5.578967928886413574e-01
-7.128727436065673828e-01
-1.380206584930419922e+00
-9.185048341751098633e-01
-5.597450733184814453e-01
-3.124699592590332031e-01
-6.171938776969909668e-01
-5.738541483879089355e-01
-6.063337922096252441e-01
-5.490147471427917480e-01
-3.010831177234649658e-01
-7.056630253791809082e-01
-6.341650485992431641e-01
-9.093403816223144531e-01
-4.566183984279632568e-01
-7.629876732826232910e-01
-1.505450367927551270e+00
-8.993850946426391602e-01
-7.343208193778991699e-01
-1.294414281845092773e+00
-3.729174435138702393e-01
-6.673638820648193359e-01
-5.523830056190490723e-01
1.365858316421508789e-01
-4.232993125915527344e-01
-3.263224363327026367e-01
-7.346113920211791992e-01
-9.425374269485473633e-01
-2.311262935400009155e-01
-4.883516728878021240e-01
-4.947409331798553467e-01
-2.835266888141632080e-01
-1.369806408882141113e+00
-7.836749553680419922e-01
-1.515092372894287109e+00
-8.175293803215026855e-01
-1.103018641471862793e+00
-6.615471839904785156e-01
-4.926855266094207764e-01
-6.716445684432983398e-01
-1.192174315452575684e+00
-1.880668848752975464e-01
-7.112748026847839355e-01
-1.174872145056724548e-01
-4.927620589733123779e-01
-1.210848018527030945e-01
-2.430030256509780884e-01
-1.185573339462280273e+00
-9.701707363128662109e-01
-1.724902868270874023e+00
-1.959582209587097168e+00
-7.449851036071777344e-01
-8.637353777885437012e-01
-3.025356121361255646e-02
-6.215527653694152832e-01
-2.622126042842864990e-01
-3.502883315086364746e-01
-5.042463541030883789e-01
-7.453963160514831543e-01
-1.057277441024780273e+00
-6.281294822692871094e-01
-7.984923720359802246e-01
-4.833438098430633545e-01
-9.609339833259582520e-01
5.144292488694190979e-02
-1.515637516975402832e+00
-6.025446057319641113e-01
-7.109078168869018555e-01
-1.799420118331909180e-01
-6.002647876739501953e-01
-4.148774445056915283e-01
-4.233639240264892578e-01
-4.613477885723114014e-01
-1.041403770446777344e+00
-7.882002592086791992e-01
-3.642335832118988037e-01
-6.121396422386169434e-01
-1.100459337234497070e+00
-7.758622765541076660e-01
-1.206293106079101562e+00
-3.497661352157592773e-01
-6.959874629974365234e-01
-9.992730021476745605e-01
-2.249999903142452240e-02
-1.019190430641174316e+00
-5.936169028282165527e-01
-7.928546071052551270e-01
-7.147468924522399902e-01
-2.887567877769470215e-01
-9.078533053398132324e-01
-7.043045759201049805e-01
-5.709094405174255371e-01
-3.781441450119018555e-01
-4.578872323036193848e-01
-4.938198924064636230e-01
-8.797509074211120605e-01
-9.757919907569885254e-01
-1.955981373786926270e+00
1.635055802762508392e-02
4.932526499032974243e-02
-6.715165078639984131e-02
-7.260136008262634277e-01
-1.327332496643066406e+00
-7.568303942680358887e-01
4.502868652343750000e-01
-3.188975155353546143e-01
-1.053108692169189453e+00
-1.285812735557556152e+00
1.976743154227733612e-02
-3.386084735393524170e-01
-5.052561759948730469e-01
-9.224449992179870605e-01
-6.626308560371398926e-01
-3.953291773796081543e-01
-5.075669884681701660e-01
-3.285943865776062012e-01
-4.093070924282073975e-01
-4.790233969688415527e-01
-7.193734049797058105e-01
-3.720323443412780762e-01
-3.999826014041900635e-01
-2.709921002388000488e-01
-7.291802167892456055e-01
-7.958261966705322266e-01
-5.495330691337585449e-01
-4.677059054374694824e-01
-5.714057683944702148e-01
-1.852977126836776733e-01
