-6.607583910226821899e-02
-3.156892210245132446e-02
-1.756169646978378296e-02
-2.634856849908828735e-02
-5.042325705289840698e-02
-1.764457486569881439e-02
-3.122748620808124542e-02
-2.213799208402633667e-02
-1.094159781932830811e-01
-3.856704011559486389e-02
1.150002330541610718e-02
-2.815172635018825531e-02
-5.405729636549949646e-02
-7.098557893186807632e-03
1.680664531886577606e-02
-1.467350684106349945e-02
-6.391514558345079422e-03
-4.175552725791931152e-02
-5.189394578337669373e-02
-3.293901309370994568e-02
-5.879405513405799866e-02
-6.624879688024520874e-02
-5.615734308958053589e-02
-1.872237212955951691e-02
-6.080122664570808411e-02
-7.538877427577972412e-02
-2.696307189762592316e-02
-4.018804803490638733e-02
-1.393617391586303711e-01
-2.703360840678215027e-02
-7.603050023317337036e-02
-8.008445799350738525e-02
-2.352747321128845215e-02
-4.842247441411018372e-02
-2.492820098996162415e-02
6.834940984845161438e-03
-1.114452332258224487e-01
1.595848612487316132e-02
-9.721025079488754272e-02
-1.912734508514404297e-01
-2.265498042106628418e-02
-4.105099663138389587e-02
-2.673901617527008057e-02
-5.726231262087821960e-03
-2.908083144575357437e-03
-1.878836192190647125e-02
-5.811636149883270264e-02
-7.879555225372314453e-02
-6.223594024777412415e-02
1.046283752657473087e-03
-4.479983448982238770e-02
-5.026010423898696899e-02
-8.999415040016174316e-01
-2.592100389301776886e-02
-9.120276197791099548e-03
2.400289177894592285e-01
-2.070191130042076111e-02
1.876832544803619385e-02
6.953732669353485107e-02
-2.451764233410358429e-02
-5.069074407219886780e-02
-2.175705321133136749e-02
-4.619216322898864746e-01
-2.289214357733726501e-02
-4.312849789857864380e-02
-5.626075714826583862e-02
-1.157866138964891434e-02
4.463106095790863037e-01
-2.700101211667060852e-02
-1.763687282800674438e-02
-2.714057452976703644e-02
-4.480382800102233887e-02
-1.101459003984928131e-02
-5.192706733942031860e-02
-6.910843402147293091e-02
-2.539070881903171539e-02
-4.639373123645782471e-01
-2.230083942413330078e-02
1.932454854249954224e-02
-6.600476056337356567e-02
-4.114673659205436707e-02
-5.263267084956169128e-02
-8.035568892955780029e-02
1.072211861610412598e+00
3.854551911354064941e-01
-1.182309269905090332e+00
-1.844113133847713470e-02
-4.386346414685249329e-02
-2.931627035140991211e-01
-7.839114964008331299e-02
-5.689317826181650162e-03
-5.784910172224044800e-02
-4.327788203954696655e-02
-9.943075478076934814e-02
-2.469158172607421875e-02
-4.724341630935668945e-02
-4.066497832536697388e-02
-6.176796555519104004e-02
1.322504431009292603e-01
-5.629957839846611023e-02
-7.756165415048599243e-02
-1.878798380494117737e-02
1.311178132891654968e-02
-1.016927361488342285e-01
1.936734318733215332e-01
-4.353955853730440140e-03
2.627772651612758636e-02
-3.490482270717620850e-02
-1.939000934362411499e-02
-4.512788727879524231e-03
-7.257317900657653809e-01
6.186798959970474243e-02
-5.955468118190765381e-02
-4.057841375470161438e-02
-5.804579704999923706e-02
-6.160366162657737732e-02
-4.755683243274688721e-02
-5.406998097896575928e-02
-1.641715993173420429e-03
-6.043358147144317627e-02
1.615230739116668701e-01
-2.399324998259544373e-02
-1.363085061311721802e-01
-6.837297230958938599e-02
-4.102248698472976685e-02
-6.309022754430770874e-02
-9.716856293380260468e-03
-7.539751380681991577e-02
-1.515362504869699478e-02
1.484756767749786377e-01
-1.166420988738536835e-02
-5.980090796947479248e-02
-1.190782859921455383e-01
-3.850401043891906738e-01
-2.362156845629215240e-02
-4.457877576351165771e-02
-1.022711582481861115e-02
-1.296118460595607758e-02
-2.675185911357402802e-02
-2.569067105650901794e-02
4.935255274176597595e-03
-3.333376348018646240e-02
-6.973882764577865601e-02
-2.008792012929916382e-03
-8.824407309293746948e-02
-1.109094247221946716e-01
-7.101831585168838501e-02
-5.466622114181518555e-02
-4.369753226637840271e-02
3.650285005569458008e-01
7.661598175764083862e-02
3.443690016865730286e-03
-4.796312749385833740e-02
-3.795022889971733093e-02
-9.045258164405822754e-02
-9.264793992042541504e-02
7.288808934390544891e-03
-7.208349555730819702e-02
-5.468941107392311096e-02
-4.044102039188146591e-03
-4.111886397004127502e-02
-7.089599221944808960e-02
-1.267466880381107330e-02
-4.585885629057884216e-02
-7.057326287031173706e-02
-3.280166536569595337e-02
-5.702430754899978638e-02
-3.658368438482284546e-02
-1.736737228929996490e-02
-5.360195413231849670e-02
5.397532582283020020e-01
8.847234398126602173e-02
3.492706418037414551e-01
5.573933944106101990e-02
-7.451096922159194946e-02
-7.104074954986572266e-02
-4.306354373693466187e-02
4.085336625576019287e-01
7.182403933256864548e-03
-4.273868165910243988e-03
-4.373834282159805298e-02
4.914868772029876709e-01
-8.472054451704025269e-02
-5.775376409292221069e-02
-8.540929108858108521e-02
-5.274056270718574524e-02
-4.695380851626396179e-02
-4.855206236243247986e-03
-1.073645520955324173e-02
-5.587916448712348938e-02
-7.354875653982162476e-02
-1.492385007441043854e-02
-6.440528482198715210e-02
-5.218347907066345215e-02
-2.259223908185958862e-01
9.621724486351013184e-02
-5.490147508680820465e-03
-2.386039681732654572e-02
-3.659158945083618164e-02
-3.964805603027343750e-02
-8.584255352616310120e-03
-2.906166948378086090e-02
-3.373637199401855469e-01
8.206479549407958984e-01
-4.442464187741279602e-02
5.308720283210277557e-04
6.569516658782958984e-01
-4.523243010044097900e-02
-1.862944662570953369e-02
-3.613151609897613525e-02
3.342247903347015381e-01
-7.177711278200149536e-02
7.123599201440811157e-02
-3.518055006861686707e-02
-3.227062895894050598e-02
-2.558471821248531342e-02
-1.823271252214908600e-02
-8.745950460433959961e-02
-1.063721105456352234e-01
4.983319938182830811e-01
-2.828811667859554291e-02
-6.256716698408126831e-02
-3.714122623205184937e-02
-4.392212256789207458e-02
-3.532920032739639282e-02
-4.950891807675361633e-02
-3.448923677206039429e-02
-1.963451690971851349e-02
-6.044977158308029175e-02
-6.284736096858978271e-02
-2.903424389660358429e-02
-3.306333720684051514e-01
-7.251362502574920654e-02
7.505826186388731003e-03
-4.362752288579940796e-02
3.192041441798210144e-02
-1.760752126574516296e-02
-7.444383203983306885e-02
-2.664387598633766174e-02
-4.041285067796707153e-02
9.512652456760406494e-02
-4.210089519619941711e-02
-5.425047501921653748e-02
-6.299848854541778564e-02
-5.376951023936271667e-02
-3.214729949831962585e-02
-3.102774731814861298e-02
1.872779917903244495e-03
-7.615784555673599243e-02
-2.757675200700759888e-02
-3.523803874850273132e-02
5.966407805681228638e-02
-6.969979405403137207e-02
-3.937793895602226257e-03
-4.684168845415115356e-02
-2.732047066092491150e-02
