-1.028466746211051941e-01
6.878682225942611694e-02
-5.649159103631973267e-02
-3.152460232377052307e-02
-9.551764465868473053e-03
-2.196123898029327393e-01
-1.005919426679611206e-01
-1.125178709626197815e-01
-1.855963096022605896e-02
9.180752560496330261e-03
1.413005441427230835e-01
-7.271555811166763306e-02
-2.385018914937973022e-01
-5.780055187642574310e-03
-1.919802278280258179e-01
-1.769328862428665161e-01
4.041699692606925964e-03
-1.931818723678588867e-01
-6.973011046648025513e-02
-4.644061252474784851e-02
1.495464593172073364e-01
-8.484926074743270874e-02
1.105946372263133526e-03
-1.437821090221405029e-01
-2.124915719032287598e-01
-8.635739237070083618e-02
-2.027050405740737915e-02
-1.339982002973556519e-01
1.624768227338790894e-01
-8.996643871068954468e-02
-3.697338998317718506e-01
-1.972442679107189178e-02
-9.717699140310287476e-02
-1.111085712909698486e-01
-5.982098355889320374e-02
1.189339086413383484e-01
