-1.101875782012939453e+00
-1.311750411987304688e+00
-1.622127294540405273e+00
-8.350640535354614258e-01
-1.880465269088745117e+00
-2.215894222259521484e+00
-1.373612046241760254e+00
-8.574346303939819336e-01
-2.119264841079711914e+00
-1.222791433334350586e+00
-1.093143224716186523e+00
-2.686967611312866211e+00
-2.833181142807006836e+00
-7.549455761909484863e-01
-1.867622375488281250e+00
-1.288345932960510254e+00
2.090122252702713013e-01
-2.969224691390991211e+00
-2.241894721984863281e+00
-1.165057659149169922e+00
-5.100733637809753418e-01
-6.507589817047119141e-01
-6.910764575004577637e-01
9.039313532412052155e-03
-5.070225596427917480e-01
-2.324820995330810547e+00
-1.655977010726928711e+00
-2.636130332946777344e+00
2.606192827224731445e-01
2.876704335212707520e-01
4.777310490608215332e-01
-1.846156120300292969e-01
-2.501122474670410156e+00
-4.382664561271667480e-01
-3.638075590133666992e-01
3.312304615974426270e-02
-9.157507419586181641e-01
-2.559541940689086914e+00
-2.699751377105712891e+00
-7.928845286369323730e-01
-2.368007659912109375e+00
-7.963052988052368164e-01
-8.244519829750061035e-01
-2.694507598876953125e+00
-9.972171783447265625e-01
-3.272007942199707031e+00
-1.475974678993225098e+00
-9.153142571449279785e-01
-1.047675490379333496e+00
-1.834608554840087891e+00
-6.594784557819366455e-02
-1.114665508270263672e+00
-8.011274337768554688e-01
-3.186007976531982422e+00
-1.964484155178070068e-01
-1.266932636499404907e-01
-2.320744246244430542e-01
-2.598580598831176758e+00
-2.282936334609985352e+00
2.376530170440673828e-01
-8.890306949615478516e-01
-2.543018817901611328e+00
-8.220134377479553223e-01
5.617121458053588867e-01
-6.451506614685058594e-01
-1.068896412849426270e+00
-3.444257080554962158e-01
1.066920012235641479e-01
-8.483603000640869141e-01
-8.470965623855590820e-01
-1.254764676094055176e+00
-2.869528830051422119e-01
-7.964953035116195679e-02
-3.370545804500579834e-01
-8.431895971298217773e-01
-1.896684885025024414e+00
-1.923416256904602051e-01
-3.063426613807678223e-01
-3.506356850266456604e-03
-7.300184369087219238e-01
-3.720014393329620361e-01
-2.504737615585327148e+00
-8.538003563880920410e-01
-2.907165884971618652e-01
2.459882525727152824e-03
-3.498697280883789062e+00
-5.907022356986999512e-01
-6.990939378738403320e-01
-2.678586244583129883e+00
-1.297343850135803223e+00
-2.643944621086120605e-01
-1.599810123443603516e+00
2.344697713851928711e-01
-1.134547591209411621e+00
-1.042641043663024902e+00
-1.424722671508789062e+00
-2.058270454406738281e+00
-2.027637481689453125e+00
-2.489030838012695312e+00
-3.769043207168579102e+00
-1.090481519699096680e+00
-7.765232920646667480e-01
-1.571424245834350586e+00
-9.425415396690368652e-01
-2.166686773300170898e+00
-3.398346662521362305e+00
2.081119567155838013e-01
-1.700290679931640625e+00
2.305534668266773224e-02
9.692113846540451050e-02
-1.414183259010314941e+00
-6.530565619468688965e-01
-5.330696702003479004e-01
-1.620932340621948242e+00
1.599518954753875732e-01
-9.775853753089904785e-01
-6.742608547210693359e-01
-2.017142057418823242e+00
-1.599623203277587891e+00
-2.798336982727050781e+00
-3.198631525039672852e+00
-1.821929812431335449e+00
-1.162163853645324707e+00
-6.903329491615295410e-01
-1.549804806709289551e-01
-7.727110385894775391e-01
-3.288940787315368652e-01
-6.831247210502624512e-01
-1.359597563743591309e+00
-1.647966027259826660e+00
-1.348002791404724121e+00
2.027191817760467529e-01
-2.274694442749023438e+00
-7.859889864921569824e-01
-1.076792955398559570e+00
-9.683653116226196289e-01
-1.865223884582519531e+00
-1.424589037895202637e+00
-3.866788446903228760e-01
-1.860599815845489502e-01
-1.388325572013854980e+00
-1.293313741683959961e+00
-5.002725720405578613e-01
-1.334395527839660645e+00
-8.215683698654174805e-01
-1.494384765625000000e+00
3.079147636890411377e-01
-1.694435954093933105e+00
-2.328645437955856323e-01
-1.694407224655151367e+00
-1.195039391517639160e+00
-8.767981529235839844e-01
-1.456329107284545898e+00
-9.887055754661560059e-01
-1.113458275794982910e+00
-1.267899513244628906e+00
-3.547421455383300781e+00
-1.873567819595336914e+00
-2.409224033355712891e+00
-1.526702046394348145e+00
-5.996509790420532227e-01
-8.959681540727615356e-02
1.712896972894668579e-01
-1.248566269874572754e+00
-2.035691738128662109e+00
-6.043081283569335938e-01
-1.041274428367614746e+00
-2.118859529495239258e+00
-1.604356169700622559e+00
4.444103837013244629e-01
-5.731124877929687500e-01
-7.963357567787170410e-01
-3.778870105743408203e-01
-1.673339128494262695e+00
-6.243130564689636230e-01
5.070321634411811829e-02
-1.494763374328613281e+00
-4.424018859863281250e-01
-1.007871985435485840e+00
-3.739643394947052002e-01
-1.425583481788635254e+00
-1.384367346763610840e+00
-1.165697455406188965e+00
-1.030916571617126465e+00
-1.692366838455200195e+00
-1.465142965316772461e-01
-1.188954830169677734e+00
-1.165425777435302734e+00
-2.042878627777099609e+00
-1.372790813446044922e+00
-6.025617122650146484e-01
-1.539325714111328125e+00
-2.506455659866333008e+00
-5.424139276146888733e-02
-2.149722576141357422e+00
-4.402798786759376526e-02
-1.896125525236129761e-01
-8.990215659141540527e-01
-7.451321184635162354e-02
-1.576497912406921387e+00
-8.978713750839233398e-01
-1.053455948829650879e+00
-1.522647023200988770e+00
-1.266361713409423828e+00
-9.027285575866699219e-01
-2.094960398972034454e-02
-2.170871257781982422e+00
-2.322822570800781250e+00
-3.511219024658203125e-01
-3.775319755077362061e-01
-1.576645135879516602e+00
-2.425718545913696289e+00
-7.222260832786560059e-01
-3.035675287246704102e-01
-7.195771336555480957e-01
-1.342241644859313965e+00
-2.407357454299926758e+00
3.253156840801239014e-01
-1.819277524948120117e+00
-2.177634000778198242e+00
4.229588806629180908e-01
-8.895389437675476074e-01
-1.491639494895935059e+00
-1.083325505256652832e+00
-2.375161409378051758e+00
-1.894872665405273438e+00
-8.367449045181274414e-01
-2.305307626724243164e+00
-1.606365442276000977e+00
-1.480300784111022949e+00
-3.994898498058319092e-01
-1.614085793495178223e+00
-1.233643293380737305e-01
-5.262929797172546387e-01
-1.597439289093017578e+00
-1.254197120666503906e+00
-2.172858476638793945e+00
-2.274257421493530273e+00
-2.373819351196289062e+00
-1.810714840888977051e+00
-5.003733038902282715e-01
-8.097842931747436523e-01
-2.529811382293701172e+00
-5.942695140838623047e-01
-5.441543459892272949e-01
-1.045270323753356934e+00
-2.655913114547729492e+00
-1.429143846035003662e-01
-3.666333913803100586e+00
-6.017003655433654785e-01
-1.331055998802185059e+00
-9.245080947875976562e-01
-5.146569609642028809e-01
-1.965004563331604004e+00
-1.217661619186401367e+00
6.026030778884887695e-01
