-1.895145773887634277e+00
-3.588518857955932617e+00
7.434368729591369629e-01
-3.409775495529174805e+00
-2.569559812545776367e-01
-2.020579576492309570e+00
-2.014528989791870117e+00
3.067750930786132812e+00
-4.376202523708343506e-01
-3.146018385887145996e-01
-1.323002219200134277e+00
-2.131487846374511719e+00
-1.531962156295776367e+00
-2.968720197677612305e-01
-2.180259227752685547e+00
-1.983097940683364868e-01
-2.964928150177001953e+00
-3.403355598449707031e+00
1.945151686668395996e-01
-2.551590442657470703e+00
-1.960940957069396973e+00
-1.058347821235656738e+00
-2.891394615173339844e+00
-2.294417917728424072e-01
-9.474318027496337891e-01
-2.798691987991333008e+00
-2.232536077499389648e+00
-2.186377048492431641e-01
2.828944940119981766e-03
-1.127243518829345703e+00
-3.041410207748413086e+00
-1.509640365839004517e-01
