-8.573580533266067505e-02
-1.092212498188018799e-01
1.308652758598327637e-01
-8.666166663169860840e-01
-1.033157929778099060e-01
3.339556157588958740e-01
-9.601139277219772339e-02
-7.217457145452499390e-02
-8.265840411186218262e-01
-1.421127319335937500e+00
-9.803226590156555176e-02
-6.613577902317047119e-02
-1.052688479423522949e+00
-4.901108443737030029e-01
-7.943554967641830444e-02
-1.221235394477844238e+00
-5.093635991215705872e-02
-3.703709840774536133e-01
4.142095446586608887e-01
-7.649460434913635254e-01
-3.592906594276428223e-01
-8.877550065517425537e-02
-9.943221695721149445e-03
-1.966528035700321198e-02
-3.194098547101020813e-02
-3.406018391251564026e-02
-9.995622634887695312e-01
-1.130780935287475586e+00
-2.618987672030925751e-02
-1.494149088859558105e+00
-5.376732721924781799e-02
-4.649727046489715576e-02
-9.276971966028213501e-02
-6.272903829813003540e-02
-9.502217173576354980e-02
-3.205961734056472778e-02
-4.752501547336578369e-01
-7.609190791845321655e-02
4.008088111877441406e-01
-8.989326655864715576e-02
-4.413343966007232666e-02
-9.574780613183975220e-02
2.976797223091125488e-01
-3.996249288320541382e-02
-2.291898429393768311e-02
-1.018900498747825623e-01
8.392014540731906891e-03
-1.406744401901960373e-02
1.178467392921447754e+00
-7.476811110973358154e-02
-2.864035964012145996e-02
-7.144086807966232300e-02
-5.212734639644622803e-02
-1.406437717378139496e-02
-5.641527771949768066e-01
-6.365272216498851776e-03
-7.130099087953567505e-02
-1.208475902676582336e-01
7.556641101837158203e-01
-6.226171925663948059e-02
-1.537746191024780273e-02
-1.862207078374922276e-03
-7.945298403501510620e-02
-5.476654693484306335e-02
5.648256540298461914e-01
-1.529715955257415771e-02
-6.781404465436935425e-02
-2.767210304737091064e-01
-8.739638328552246094e-01
-1.345396280288696289e+00
-1.692599989473819733e-02
-2.813464701175689697e-01
-4.368946701288223267e-02
-3.794624283909797668e-02
-9.926973283290863037e-02
1.227610162459313869e-03
-3.570372983813285828e-02
7.110483646392822266e-01
-6.607044488191604614e-02
-1.396735310554504395e-01
-6.424209475517272949e-01
-8.076647296547889709e-03
-8.899203687906265259e-02
-1.506612356752157211e-02
-1.804389175958931446e-03
-1.717609353363513947e-03
8.894447684288024902e-01
-8.916954696178436279e-02
-8.826655149459838867e-02
-5.625038966536521912e-02
-5.255795270204544067e-02
6.075093150138854980e-01
-7.466168403625488281e-01
-3.222071379423141479e-02
-3.472381085157394409e-02
-9.096383303403854370e-02
-1.746841520071029663e-01
-4.911241307854652405e-02
-9.853963553905487061e-02
2.054385282099246979e-02
-3.017363250255584717e-01
6.305503249168395996e-01
2.967423759400844574e-03
-6.485351920127868652e-02
-3.328735381364822388e-02
-6.713292002677917480e-01
-1.739523559808731079e-02
-1.141089871525764465e-01
-9.323307126760482788e-02
1.243938785046339035e-02
-1.157061532139778137e-01
-6.098872795701026917e-02
-1.107653677463531494e-01
-9.627142548561096191e-02
-8.813462406396865845e-02
-7.729769218713045120e-03
-1.500424146652221680e-01
-9.691293239593505859e-01
-2.813308238983154297e-01
-2.229998447000980377e-02
-5.333965271711349487e-02
-1.359218806028366089e-01
-4.535258114337921143e-01
-1.303556654602289200e-02
9.431201964616775513e-02
-2.404353380203247070e+00
-8.712664246559143066e-02
-2.715505659580230713e-01
4.272885024547576904e-01
-3.101156651973724365e-02
3.176143646240234375e+00
-1.002130284905433655e-01
-3.594748377799987793e-01
-7.362546771764755249e-02
-1.361781358718872070e-01
-4.390763863921165466e-02
-1.085315942764282227e+00
-1.024096682667732239e-01
-1.100196242332458496e+00
-7.837464660406112671e-02
-1.519399642944335938e+00
-1.507931351661682129e+00
-1.255100965499877930e+00
-1.561802905052900314e-02
-2.369455844163894653e-01
-9.001375734806060791e-02
-1.606986522674560547e+00
-1.661171793937683105e+00
-1.043288037180900574e-01
-5.132220983505249023e-01
-4.129054546356201172e-01
-8.798945695161819458e-02
-5.191419646143913269e-02
-1.106123849749565125e-01
-7.374594360589981079e-02
-1.077746376395225525e-01
-4.471896961331367493e-02
-7.370520383119583130e-02
-4.740275908261537552e-03
-3.885661810636520386e-02
-1.745698451995849609e+00
7.118218578398227692e-03
-1.024599745869636536e-01
1.413074322044849396e-02
-3.041916340589523315e-02
-5.715702176094055176e-01
-1.803354501724243164e+00
-1.146745324134826660e+00
-5.224564578384160995e-03
-1.798946857452392578e-01
-1.014750123023986816e+00
-8.772039413452148438e-02
1.128569245338439941e+00
-5.597926974296569824e-01
-1.562311314046382904e-02
-5.060775578022003174e-02
1.249418244697153568e-03
-1.219712663441896439e-03
-2.715116739273071289e-01
-4.048584029078483582e-02
-1.935188658535480499e-02
-1.237970113754272461e+00
-4.415811225771903992e-02
-3.833455219864845276e-02
1.228857874870300293e+00
-6.843723654747009277e-01
2.930324673652648926e-01
-2.354018241167068481e-01
-5.899475142359733582e-02
-1.054782792925834656e-02
-6.805708259344100952e-02
-2.523618936538696289e-02
-9.498955309391021729e-02
-4.164566844701766968e-02
-6.214073300361633301e-01
-2.593852765858173370e-02
-2.021925449371337891e+00
-1.413221508264541626e-01
-5.689862370491027832e-01
-7.620384544134140015e-02
-8.921678662300109863e-01
-4.755722358822822571e-02
-5.273724794387817383e-01
1.763524301350116730e-02
-6.979572772979736328e-02
-6.852275133132934570e-01
-2.440393924713134766e+00
-1.743328571319580078e-02
-7.084858417510986328e-02
-7.879062741994857788e-02
-3.087387084960937500e-01
-2.084421157836914062e+00
-2.568601071834564209e-02
5.267931222915649414e-01
-1.121499016880989075e-01
-1.801361560821533203e+00
-7.572403550148010254e-02
-6.490901112556457520e-03
-2.444213815033435822e-02
-5.291710495948791504e-01
2.237347662448883057e-01
-7.274900674819946289e-01
-5.384182333946228027e-01
-1.386893868446350098e+00
-2.609928697347640991e-02
-1.159095391631126404e-01
-2.783163636922836304e-02
-2.500641718506813049e-02
-1.567947417497634888e-01
-2.948587656021118164e+00
-2.517348527908325195e-01
-4.279927164316177368e-02
-7.926438748836517334e-02
-7.978190481662750244e-02
-2.054056406021118164e+00
-3.025034070014953613e-01
-1.475695520639419556e-01
2.439236789941787720e-01
-8.683723956346511841e-02
-9.698119014501571655e-02
-5.799825862050056458e-02
-1.267338264733552933e-02
-1.217357665300369263e-01
-4.504248499870300293e-02
-3.402403295040130615e-01
-9.831649810075759888e-02
-7.023539394140243530e-02
-5.484196357429027557e-03
-4.228404909372329712e-02
5.319259166717529297e-01
-1.753917336463928223e-01
-1.018064618110656738e-01
-1.688706725835800171e-01
-3.676108643412590027e-02
-3.628042712807655334e-02
-2.523929178714752197e-01
